#r_b_forest_bandit_10x10_4 160 160
E 20 20
E 60 20
E 100 20
E 140 20
E 20 60
E 60 60
E 100 60
E 140 60
E 20 100
E 60 100
E 100 100
E 140 100
E 20 140
E 60 140
E 100 140
E 140 140
C 28 28
C 84 28
C 140 28
C 28 84
C 84 84
C 140 84
C 28 140
C 84 140
C 140 140
#r_b_forest_bandit_10x10_6 160 160
E 20 20
E 60 20
E 100 20
E 140 20
E 20 60
E 60 60
E 100 60
E 140 60
E 20 100
E 60 100
E 100 100
E 140 100
E 20 140
E 60 140
E 100 140
E 140 140
C 28 28
C 84 28
C 140 28
C 28 84
C 84 84
C 140 84
C 28 140
C 84 140
C 140 140
#r_b_forest_bandit_10x10_7 160 160
E 20 20
E 60 20
E 100 20
E 140 20
E 20 60
E 60 60
E 100 60
E 140 60
E 20 100
E 60 100
E 100 100
E 140 100
E 20 140
E 60 140
E 100 140
E 140 140
C 28 28
C 84 28
C 140 28
C 28 84
C 84 84
C 140 84
C 28 140
C 84 140
C 140 140
#r_b_forest_bandit_15x15_1 240 240
E 20 20
E 60 20
E 100 20
E 140 20
E 180 20
E 220 20
E 20 60
E 60 60
E 100 60
E 140 60
E 180 60
E 220 60
E 20 100
E 60 100
E 100 100
E 140 100
E 180 100
E 220 100
E 20 140
E 60 140
E 100 140
E 140 140
E 180 140
E 220 140
E 20 180
E 60 180
E 100 180
E 140 180
E 180 180
E 220 180
E 20 220
E 60 220
E 100 220
E 140 220
E 180 220
E 220 220
C 28 28
C 84 28
C 140 28
C 196 28
C 28 84
C 84 84
C 140 84
C 196 84
C 28 140
C 84 140
C 140 140
C 196 140
C 28 196
C 84 196
C 140 196
C 196 196
#r_b_forest_bandit_15x15_2 240 240
E 20 20
E 60 20
E 100 20
E 140 20
E 180 20
E 220 20
E 20 60
E 60 60
E 100 60
E 140 60
E 180 60
E 220 60
E 20 100
E 60 100
E 100 100
E 140 100
E 180 100
E 220 100
E 20 140
E 60 140
E 100 140
E 140 140
E 180 140
E 220 140
E 20 180
E 60 180
E 100 180
E 140 180
E 180 180
E 220 180
E 20 220
E 60 220
E 100 220
E 140 220
E 180 220
E 220 220
C 28 28
C 84 28
C 140 28
C 196 28
C 28 84
C 84 84
C 140 84
C 196 84
C 28 140
C 84 140
C 140 140
C 196 140
C 28 196
C 84 196
C 140 196
C 196 196
#r_b_forest_bandit_15x15_3 240 240
E 20 20
E 60 20
E 100 20
E 140 20
E 180 20
E 220 20
E 20 60
E 60 60
E 100 60
E 140 60
E 180 60
E 220 60
E 20 100
E 60 100
E 100 100
E 140 100
E 180 100
E 220 100
E 20 140
E 60 140
E 100 140
E 140 140
E 180 140
E 220 140
E 20 180
E 60 180
E 100 180
E 140 180
E 180 180
E 220 180
E 20 220
E 60 220
E 100 220
E 140 220
E 180 220
E 220 220
C 28 28
C 84 28
C 140 28
C 196 28
C 28 84
C 84 84
C 140 84
C 196 84
C 28 140
C 84 140
C 140 140
C 196 140
C 28 196
C 84 196
C 140 196
C 196 196
#r_b_forest_bandit_15x15_4 240 240
E 20 20
E 60 20
E 100 20
E 140 20
E 180 20
E 220 20
E 20 60
E 60 60
E 100 60
E 140 60
E 180 60
E 220 60
E 20 100
E 60 100
E 100 100
E 140 100
E 180 100
E 220 100
E 20 140
E 60 140
E 100 140
E 140 140
E 180 140
E 220 140
E 20 180
E 60 180
E 100 180
E 140 180
E 180 180
E 220 180
E 20 220
E 60 220
E 100 220
E 140 220
E 180 220
E 220 220
C 28 28
C 84 28
C 140 28
C 196 28
C 28 84
C 84 84
C 140 84
C 196 84
C 28 140
C 84 140
C 140 140
C 196 140
C 28 196
C 84 196
C 140 196
C 196 196
#r_b_village_1 960 960
R 96 14 864 20
R 94 16 2 192
R 96 34 18 176
R 350 34 20 176
R 494 34 20 176
R 734 34 20 176
R 846 34 20 94
R 942 34 18 240
R 848 128 16 2
R 848 158 16 116
R 846 160 2 112
R 864 160 2 114
R 114 190 94 20
R 272 190 78 20
R 370 190 30 20
R 464 190 30 20
R 514 190 78 20
R 656 190 78 20
R 754 190 30 20
R 832 190 14 20
R 208 192 2 16
R 270 192 2 16
R 400 192 2 16
R 462 192 2 16
R 592 192 2 16
R 654 192 2 16
R 784 192 2 16
R 830 192 2 16
R 96 238 128 20
R 736 238 16 20
R 94 240 2 160
R 224 240 2 50
R 734 240 2 16
R 752 240 2 16
R 866 254 76 20
R 96 258 18 144
R 206 258 18 30
R 226 270 270 20
R 560 270 224 20
R 496 272 2 128
R 558 272 2 128
R 784 272 2 50
R 208 288 16 2
R 254 290 20 112
R 478 290 18 112
R 560 290 18 112
R 766 290 18 30
R 786 302 46 20
R 848 302 64 20
R 832 304 2 16
R 846 304 2 16
R 912 304 2 96
R 768 320 16 2
R 894 322 18 80
R 114 382 14 20
R 144 382 110 20
R 274 382 126 20
R 464 382 14 20
R 578 382 110 20
R 720 382 174 20
R 128 384 2 16
R 142 384 2 16
R 400 384 2 16
R 462 384 2 16
R 688 384 2 16
R 718 384 2 16
R 672 446 192 20
R 670 448 2 128
R 864 448 2 48
R 672 466 18 112
R 846 466 18 30
R 80 494 208 20
R 78 496 2 192
R 288 496 2 192
R 848 496 16 2
R 80 514 18 176
R 270 514 18 176
R 560 542 110 20
R 848 542 16 148
R 558 544 2 144
R 846 544 2 146
R 864 544 2 144
R 690 558 156 20
R 560 562 18 128
R 98 670 14 20
R 176 670 94 20
R 578 670 110 20
R 752 670 94 20
R 112 672 2 16
R 174 672 2 16
R 688 672 2 16
R 750 672 2 16
R 560 734 384 20
R 558 736 2 144
R 944 736 2 144
R 560 754 18 128
R 734 754 20 128
R 926 754 18 128
R 578 862 14 20
R 656 862 78 20
R 754 862 30 20
R 848 862 78 20
R 592 864 2 16
R 654 864 2 16
R 784 864 2 16
R 846 864 2 16
E 48 48
E 144 48
E 240 48
E 336 48
E 432 48
E 528 48
E 624 48
E 720 48
E 816 48
E 912 48
E 48 144
E 144 144
E 240 144
E 336 144
E 432 144
E 528 144
E 624 144
E 720 144
E 816 144
E 912 144
E 48 240
E 240 240
E 336 240
E 432 240
E 528 240
E 624 240
E 720 240
E 816 240
E 912 240
E 48 336
E 144 336
E 240 336
E 336 336
E 432 336
E 528 336
E 624 336
E 720 336
E 816 336
E 48 432
E 144 432
E 240 432
E 336 432
E 432 432
E 528 432
E 624 432
E 720 432
E 816 432
E 912 432
E 48 528
E 144 528
E 240 528
E 336 528
E 432 528
E 528 528
E 624 528
E 720 528
E 816 528
E 912 528
E 48 624
E 144 624
E 240 624
E 336 624
E 432 624
E 528 624
E 624 624
E 720 624
E 816 624
E 912 624
E 48 720
E 144 720
E 240 720
E 336 720
E 432 720
E 528 720
E 624 720
E 720 720
E 816 720
E 912 720
E 48 816
E 144 816
E 240 816
E 336 816
E 432 816
E 528 816
E 624 816
E 720 816
E 816 816
E 912 816
E 48 912
E 144 912
E 240 912
E 336 912
E 432 912
E 528 912
E 624 912
E 720 912
E 816 912
E 912 912
C 56 56
C 168 56
C 280 56
C 392 56
C 616 56
C 56 168
C 168 168
C 280 168
C 392 168
C 616 168
C 56 280
C 168 280
C 56 392
C 952 392
C 56 504
C 392 504
C 504 504
C 616 504
C 728 504
C 952 504
C 56 616
C 168 616
C 392 616
C 504 616
C 616 616
C 728 616
C 952 616
C 56 728
C 168 728
C 280 728
C 392 728
C 504 728
C 56 840
C 168 840
C 280 840
C 392 840
C 504 840
C 616 840
C 840 840
C 56 952
C 168 952
C 280 952
C 392 952
C 504 952
C 616 952
C 728 952
C 840 952
C 952 952